-55,187,-454,179,-94,-381,448,-493,249,76,-3,-42,276,431,229,-188,-368,-132,-500,-75,-404,-183,257,-97,-392,185,367,491,180,-311
-278,-317,-133,-275,-460,-136,-95,-420,-378,-130,-189,-342,-416,-201,-116,-333,-324,-226
-167,-294,-121,-384,-324,-270,-87,-234,-459,-188,-415,-189,-339,-283,-454,-175,-257
-388,-203,-380,-56,-354,-377,-352,-354,-425,-205,-450,-474,-301,-107,-237,-94,-495,-376,-51
451,-347,175,-368,58,342,70,285,137,449,-164,-122,-457,170,-499,-124,206,-280,-381,-462,439,346,247,357,298,-231,1,34,-124,-306,-328,-212,499,-467,380,-90,457,309,319,-64,-391,133,-11,253,366,197,300,-426,2,-128,27,-276,45,-83,448,269,-210,-13,64,-376,438,373,225,477,134,101,-90,-295,134,60,-473,43,-142,85,-181,-255,13,-37,466,113,-437,17,-164,-166,-104
426,108,-450,364,434,-24,113,-391,478,204,297,361,-135,429,-237,274,-128,30,-440,-266,-35,73,-250,323,436,-42,315,-394,321,-90,86,-313,289,210,298,-424,320,-340,490,-283,184,-76,235,-209,128,-195,324,121,91,-114,130,33,-492,-474,-302,-183,291,-2,285,2,-41,28,455,-266
-376,-65,-409,-58,-58
200,340,131
-431,432,-92,366,364,-96,310,100,39,-1,-123,-168,131,88,251,-365,-85,416,124,-357,279,104,460,-357,216,-40,-261,-139,257,76,344,-336,209,-164,-21,267,-423,-215,-449,145,-117,267,386,202,398,387,-263,-225,-253,482,10,5,388,-349,69,185,215,-97,-71,227,-473,130,-160,282,-162,0,326,32,199,-18
-50,-278,-442,372,-3,-170,-319,-216,72,42,51,-255,-322,490,174,170,403,10,242,371,-161,147,395,-133,40,176
173,-97,363,114,491,-100,413,-211,100,500,373,-271,-111,-370,451,-48,-499,-469,-305,83,21,-383,12,-33,-208,305,-259,-44,-105,281,69,236,149,98,-469,-50,332,-300,156,371,341,236,22,-235,-210,210,-332,-329,55,-439,137,441,32,-195,164,41,-235,478,237
76,28,197
123,312
368,253,-154,417,309,250,347,-80,313,57,16,-415,-203,208,-351,475,358,128,337,136,-129,265,176,-248,-39,-348,497,-159,-450,208,302,-97,-227,185,-416,108,-107,-202,369,391,-305,269,64,-340,9,-113,302,-143,-442,-324,-372,100,244,19,269,-387,-191
313,-92,-151,-268,-46,67,100,202,23,-492,291,50,-44,6,-203,40,-30,89,-373,276,-73,-497,-154,-236,371,99,-206,-285,93,278,198,319,-86,38,360,77,-191,222,-218,339,-496,-79,-443,368,-12,-459,450,365,189,37,415,-102,-301,163,137,322,367,316,-345,-416,298,402,226,-285,-31,-168,-162,247,76,-245,-138,-282,-59,-384,126,-205,26,493
132,37,160,53,386,47,350,280,396
0,0,0,0,0
175,-105,-488,83,-112,276,451,-120,359,435,392,-279,412,-131,-392,-253,185,-77,-403,254,98,293,-192,325,-474,489,-354,-103,-85,11,425,-328,-185,-132,323,-378,353,-415,360,119,-189,-215,-355,-205,-382,55,466,5,-334,309,-274,214,462,409,40,444
-134,-195,-306
123,360,280,276,476
-180,-437,-358,-188,-425,-424,-107,-178,-191,-327
371,297,422,365,132,90,326,62,93,272
-40,288,445,-491,30,-7,425,-96,-239,-304,495,456,-396,-50,289,369,456,73,-383,-346,345,-188,13,-123,-249,387,86,-165,-215,191,285,-216,49,-103,464,159,-201,208,-183,361,-157,408,-198,253,-342,105,-440,-38,-116,492,445,161,248,73,-68,117,-397,397,-384,-101,316,278,185
-1
-455,-470,-118,-143,-389,-165,-442,-460,-378,-234,-54,-432,-318,-355,-134,-128,-76,-234
63,370,362,165,129,454,471,141,138,398
314,284,434,-464,-266,-253,259,402,112,472,422,-312,-61,-253,-151,130,-483,-126,-486,-244,14,-163,-343,-492,161,249,-226,270,459,389,-322,1,-314,126,-336,206
-375,-237,-142,-285,-433,-356,-227,-204,-493,-364,-233,-192,-245,-296,-403,-260,-498
-130,-134,161,71,239,0,93,-57,-261,487,-469,140,306,378,19,-236,37,16,-215,149,-82,165,-6,-154,-353,-238,224,-347,449,210,194
309,256,356,-478,201,454,398,-458,-260,-39,-443,-121,-257,-37,-324,16,-198,324,-321,-95,416,-193,399,-134,388,439,-334,232,-26,-336,416,-191,276,-333,335,-189,-169,288,-269,-464,18,404,454,-98,94,-181,-244,-295,49,281,-19,388,-250,101,243,210,-323,426,359,402,301,-412,208,-198,-104,81,392,-428,371,268,-172,-406,450,-207,-492,-102,-469
391,230,-292,-174,-201,-285,-106,460,119,434,19,52,-172,-198,120,-413,-312,79,478,-268,-316,-11,-258,-162,-207,316,143,-466,-73,-219,-153,115,-375,465,-489,-423,-321,-78,18,-170,246,314,10,50,-95,-410,-227,437,144,-347,-11,132,-181,14,-283,9,469,344,400,-415,-426,287,145,212,-123,-382,-298,324,-263,-104,-242,387,355,472,-292,330
-87,-137,-433,-430,-94,-449
191,-95,104,-274,453,-201,161,290,87,110,-356,-413,-317,-65,-187,323,-407,320,-387,-290,403,-451,443,238,493,-242,-431,347,129,462,-480,486,169,-221,88,-19,33
-59,-59,-398,-54,-297
304,184,418,-413,-274,68,-21,254,-448,274,433,496,-466,140,184,309,48,-191,403,248,266,451,-289,-128,-267,445,-37,-323,16,-275,448,-309,-32,63,54,74,390,332,409,-397,349,362,482,182,-373,-451,143,-29,-343,-72,-119,359,-410,-131,482,-499,376
-76
-38,187,-120,196,109,11,50,226,275,487,-281,-203,432,342,374,357,490,362,-292,332,-275,-289,-56
-342,196,-328,78,431,393,-89,-292,-176,98,442,-189,206,152,-370,1,-6,-148,-144,235,-294,285,-276,-257,323,-173,-46,307,-341,375,465,142,-263,86,-33,-50,-391,22,127,301,488,180,435,-2,254,-266
7,320,487,278,185,253,203,127,187
66