23 10 42 30 12 11 31 7 14 16 19 20 4 34 43 26 25 39 22 38 33 13 3 5 6 21 9 40 28 24 2 1 44 18 0 35 15 29 37 27 32 41 36 8 62 17 48 62 17 48 62 17 48 62 17 48
6 7 18 15 19 16 5 28 0 20 44 4 46 23 27 24 22 25 49 41 42 35 45 2 47 33 30 38 39 32 31 34 29 36 43 40 21 48 1 3 11 12 37 8 14 9 26 13 17 10 55 13 17 10 55 13 17 10 55 13 17 10 55
9 10 17 0 12 7 15 3 6 2 4 11 8 5 13 14 91 27 93 16 1 77 14 91 27 93 16 1 77 14 91 27 93 16 1 77 14 91 27 93 16 1 77
30 41 9 38 31 0 21 16 36 19 2 10 6 13 22 11 14 39 15 25 37 5 17 26 8 34 18 12 1 40 35 4 20 24 7 33 32 23 27 96 84 3 90 28 79 29 96 84 3 90 28 79 29 96 84 3 90 28 79 29 96 84 3 90 28 79 29
10 9 6 3 11 1 4 7 8 5 0 40 42 54 2 40 42 54 2 40 42 54 2 40 42 54 2
1 2 3 1 2 3 1 2 3 1 2 3 1 2 3 1 2 3 1 2 3
7 8 13 1 9 6 3 4 11 2 16 10 18 17 14 5 12 15 0 79 79 79 79
10 14 7 11 6 2 12 4 3 5 8 15 1 13 9 0 91 57 81 26 98 18 90 91 57 81 26 98 18 90 91 57 81 26 98 18 90 91 57 81 26 98 18 90
7 5 6 8 1 3 0 2 4 69 91 55 52 69 91 55 52 69 91 55 52 69 91 55 52
4 56 56 56 56 56 56 56 56 56 56
20 11 3 5 4 0 13 23 7 8 18 16 19 10 2 6 14 1 12 22 9 21 15 17 57 69 57 69 57 69 57 69
15 13 14 21 5 23 3 18 11 22 9 17 16 2 24 10 20 19 1 0 7 8 4 12 66 6 35 29 12 66 6 35 29 12 66 6 35 29 12 66 6 35 29
2 18 21 10 16 5 15 13 19 17 6 12 14 23 24 9 3 11 4 20 7 1 22 34 59 46 25 8 73 66 0 34 59 46 25 8 73 66 0 34 59 46 25 8 73 66 0 34 59 46 25 8 73 66 0
42 13 7 18 26 25 38 22 43 21 10 16 5 33 9 20 40 8 31 35 3 6 32 34 12 29 14 27 19 2 17 28 30 4 1 36 37 39 0 23 24 11 56 15 93 41 50 56 15 93 41 50 56 15 93 41 50 56 15 93 41 50
0 3 2 1 2 1 2 1
0 33 17 4 7 16 5 9 2 25 10 28 19 29 12 37 20 35 6 24 41 22 13 1 26 23 34 40 31 39 27 8 42 38 47 32 15 18 48 11 3 45 49 14 36 46 43 21 44 30 30 30 30
24 20 29 19 23 18 15 11 3 8 26 10 9 30 4 1 12 27 5 13 14 28 6 21 0 22 16 7 25 17 64 2 44 64 2 44 64 2 44 64 2 44
21 34 2 8 37 24 6 4 5 9 36 13 33 32 10 25 3 1 20 31 15 18 30 12 14 23 22 17 27 7 29 11 26 19 35 16 83 45 38 0 28 72 83 45 38 0 28 72 83 45 38 0 28 72 83 45 38 0 28 72
2 7 4 3 9 1 6 8 0 5 47 76 29 21 28 42 92 58 47 76 29 21 28 42 92 58 47 76 29 21 28 42 92 58 47 76 29 21 28 42 92 58
2 6 1 0 4 5 3 74 59 74 59 74 59 74 59